SL=25
                                                coverage  Mean ESS      Min ESS 
Tree.height                                     98	   844.23	512.00	
Tree.treeLength                                 98	   822.55	587.91
clockRate                                       97	   841.47	599.73
kappa                                           98	   534.28	65.19
freqParameter.1                                 95	   193.98	46.03
freqParameter.2                                 92	   207.91	32.52
freqParameter.3                                 94	   197.51	67.71
freqParameter.4                                 97	   199.67	61.94
gammaShape                                      95	   659.47	315.56
popSize                                         98	   830.57	568.01
CoalescentConstant                              93	   787.10	445.33

totals: [705046, 7072, 2919, 1536, 1081, 801, 635, 652, 694, 2251]
true:   [3002, 1009, 724, 527, 508, 446, 422, 477, 600, 2185]
percentage: 0.004257878209365062, 0.14267533936651583, 0.24803014731072284, 0.3430989583333333, 0.46993524514338575, 0.5568039950062422, 0.6645669291338583, 0.7315950920245399, 0.8645533141210374, 0.9706796979120391

SL=50
                                                coverage  Mean ESS      Min ESS
Tree.height                                     94	   833.42	551.40
Tree.treeLength                                 98	   830.41	586.08
clockRate                                       96	   846.27	474.74
kappa                                           96	   602.52	168.11
freqParameter.1                                 95	   216.84	75.44
freqParameter.2                                 93	   216.46	69.06
freqParameter.3                                 94	   199.70	57.05
freqParameter.4                                 94	   213.92	97.68
gammaShape                                      97	   680.47	273.99
popSize                                         94	   846.19	592.37
CoalescentConstant                              94	   786.28	476.74

totals: [163410, 5632, 2568, 1480, 985, 803, 688, 658, 796, 4104]
true:   [1365, 813, 646, 507, 443, 463, 429, 500, 689, 4045]
percentage: 0.008353221957040573, 0.14435369318181818, 0.2515576323987539, 0.34256756756756757, 0.449746192893401, 0.5765877957658779, 0.623546511627907, 0.7598784194528876, 0.8655778894472361, 0.9856237816764133

SL=100
                                                coverage  Mean ESS      Min ESS
Tree.height                                     93	   837.82	545.59
Tree.treeLength                                 91	   819.65	548.74
clockRate                                       96	   853.71	579.48
kappa                                           96	   617.97	122.28
freqParameter.1                                 95	   229.90	60.16
freqParameter.2                                 97	   229.40	38.28
freqParameter.3                                 93	   218.02	54.78
freqParameter.4                                 92	   222.18	22.89
gammaShape                                      93	   727.09	242.04
popSize                                         94	   855.12	563.32
CoalescentConstant                              91	   795.38	495.79

totals: [45157, 3566, 1968, 1185, 859, 642, 578, 521, 671, 5868]
true:   [649, 498, 517, 383, 385, 337, 372, 404, 560, 5795]
percentage: 0.014372079633279447, 0.13965227145260797, 0.2627032520325203, 0.3232067510548523, 0.4481955762514552, 0.5249221183800623, 0.643598615916955, 0.7754318618042226, 0.834575260804769, 0.9875596455351057

SL=500
                                                coverage  Mean ESS      Min ESS
Tree.height                                     95	   857.36	658.93
Tree.treeLength                                 93	   842.22	559.89
clockRate                                       96	   849.60	595.34
kappa                                           95	   648.85	265.19
freqParameter.1                                 98	   266.71	83.29
freqParameter.2                                 94	   274.26	110.92
freqParameter.3                                 92	   264.51	62.68
freqParameter.4                                 95	   262.70	57.08
gammaShape                                      94	   641.44	336.51
popSize                                         96	   845.36	464.77
CoalescentConstant                              92	   825.34	536.14

totals: [5614, 1225, 768, 511, 398, 294, 241, 282, 332, 8261]
true:   [118, 198, 174, 196, 166, 157, 157, 214, 292, 8228]
percentage: 0.02101888136800855, 0.16163265306122448, 0.2265625, 0.3835616438356164, 0.41708542713567837, 0.5340136054421769, 0.6514522821576764, 0.7588652482269503, 0.8795180722891566, 0.996005326231691

